一般环境
rect(0,40,120,20);
rect(80,140,120,20);
rect(30,100,20,20);
rect(160,20,20,20);
rect(20,160,20,20);
rect(130,90,20,20);
rect(70,80,20,20);
rect(60,0,20,20);
rect(120,180,20,20);
param.obstacles =[0,40,120,20;80,140,120,20;30,100,20,20;160,20,20,20;20,160,20,20;130,90,20,20;70,80,20,20;60,0,20,20;120,180,20,20];
地图1
rect(40,100,40,100);
rect(80,120,60,90);
rect(40,0,60,80);
rect(100,0,40,100);
param.obstacles =[40,100,40,100;80,120,60,90;40,0,60,80;100,0,40,100;];
startPoint=[20;20];
goalPoint=[190;190];
地图2
rect(40,100,40,80);
rect(40,20,80,40);
rect(120,80,40,40);
rect(140,160,40,40);
global goalPoint
startPoint=[10;10];
goalPoint=[190;190];
param.obstacles =[40,100,40,80;40,20,80,40;120,80,40,40;140,160,40,40;];
地图3
rect(40,80,20,120);
rect(40,0,20,60);
rect(90,130,20,70);
rect(90,0,20,110);
rect(140,80,20,120);
rect(140,0,20,60);
global goalPoint
startPoint=[10;10];
goalPoint=[192;190];
param.obstacles =[40,80,20,120;40,0,20,60;90,130,20,70;90,0,20,110;140,80,20,120;140,0,20,60];